16 x 16
Density : 0.312
Basic Agent
65
75
62
81
87
78
75
76
63
76
73
80
77
71
85
63
71
66
85
75
81
78
72
76
76
76
75
77
72
83
70
82
68
73
78
78
63
82
77
71
72
72
77
80
81
66
76
72
75
68
77
82
81
78
73
71
75
77
78
80
85
73
75
85
72
78
65
78
72
80
67
75
83
80
88
83
73
73
78
77
73
78
80
82
80
73
67
76
71
70
73
77
78
71
77
68
73
76
70
82
basic score ave : 75.787


80
80
87
80
88
75
78
82
81
81
90
73
83
82
85
77
72
87
85
81
85
82
78
80
86
85
88
80
80
87
86
88
78
88
80
81
85
78
88
88
77
81
81
86
82
86
76
80
80
87
83
71
80
77
83
82
87
86
91
73
78
78
83
85
87
77
78
83
87
83
76
80
88
80
73
81
85
80
78
86
77
72
91
81
83
85
73
77
80
78
87
91
80
70
85
71
83
87
72
83
advanced score ave : 81.975